0.18 minutes
       0  5.6573  1.732938  0.179526
     512  7.9015  2.067052  0.130574
    1024  8.7169  2.165267  0.106030
    1536  9.3739  2.237925  0.089277
    2048  9.5411  2.255606  0.078445
    2560  9.9447  2.297040  0.070333
    3072  10.1352  2.316016  0.064563
    3584  10.2370  2.326009  0.059959
    4096  10.7791  2.377609  0.057031
    4608  10.9375  2.392197  0.053817
    5120  11.1528  2.411693  0.051767
    5632  10.8679  2.385817  0.049319
    6144  10.9397  2.392396  0.047198
    6656  11.0408  2.401602  0.045615
    7168  10.9293  2.391452  0.044237
    7680  11.2089  2.416709  0.043082
    8192  10.6004  2.360894  0.041484
    8704  10.6448  2.365071  0.040635
    9216  11.1058  2.407468  0.039915
    9728  10.9047  2.389195  0.039097
   10240  10.8249  2.381845  0.037950
   10752  10.4762  2.349105  0.036795
   11264  10.2928  2.331446  0.035731
   11776  9.8841  2.290932  0.034782
   12288  9.5666  2.258276  0.033814
   12800  9.4363  2.244559  0.032940
   13312  9.2220  2.221595  0.032105
   13824  9.2145  2.220779  0.031483
   14336  9.0361  2.201226  0.030759
   14848  8.9283  2.189230  0.030109
   15360  8.9477  2.191399  0.029569
   15872  8.9573  2.192467  0.029099


