0.18 minutes
       0  5.6646  1.734237  0.179742
     512  7.9031  2.067259  0.130648
    1024  8.7136  2.164881  0.106059
    1536  9.3723  2.237758  0.089285
    2048  9.5394  2.255435  0.078421
    2560  9.9398  2.296546  0.070296
    3072  10.1299  2.315490  0.064530
    3584  10.2277  2.325102  0.059933
    4096  10.7695  2.376714  0.057000
    4608  10.9258  2.391129  0.053790
    5120  11.1404  2.410577  0.051735
    5632  10.8554  2.384663  0.049289
    6144  10.9278  2.391310  0.047170
    6656  11.0281  2.400442  0.045588
    7168  10.9181  2.390419  0.044212
    7680  11.1983  2.415759  0.043060
    8192  10.5922  2.360119  0.041464
    8704  10.6379  2.364425  0.040617
    9216  11.0979  2.406758  0.039895
    9728  10.8956  2.388364  0.039077
   10240  10.8144  2.380874  0.037929
   10752  10.4677  2.348292  0.036776
   11264  10.2845  2.330640  0.035714
   11776  9.8764  2.290143  0.034764
   12288  9.5596  2.257551  0.033797
   12800  9.4307  2.243968  0.032923
   13312  9.2170  2.221045  0.032088
   13824  9.2097  2.220260  0.031465
   14336  9.0307  2.200629  0.030740
   14848  8.9224  2.188563  0.030090
   15360  8.9424  2.190804  0.029550
   15872  8.9524  2.191926  0.029081


