0.17 minutes
       0  5.7554  1.750134  0.178274
     512  8.1775  2.101389  0.130192
    1024  9.1638  2.215258  0.105811
    1536  9.8333  2.285777  0.089093
    2048  10.0236  2.304942  0.078320
    2560  10.4147  2.343223  0.070190
    3072  10.6098  2.361778  0.064484
    3584  10.7550  2.375367  0.059950
    4096  11.2992  2.424733  0.056987
    4608  11.4666  2.439435  0.053814
    5120  11.6702  2.457034  0.051777
    5632  11.3485  2.429089  0.049351
    6144  11.3908  2.432807  0.047226
    6656  11.5026  2.442569  0.045668
    7168  11.4214  2.435492  0.044323
    7680  11.7212  2.461398  0.043187
    8192  11.0668  2.403953  0.041576
    8704  11.1105  2.407888  0.040723
    9216  11.5872  2.449897  0.040009
    9728  11.3888  2.432628  0.039173
   10240  11.3069  2.425412  0.038028
   10752  10.9316  2.391660  0.036884
   11264  10.7356  2.373570  0.035839
   11776  10.3211  2.334191  0.034923
   12288  9.9809  2.300669  0.033956
   12800  9.8449  2.286952  0.033087
   13312  9.6202  2.263868  0.032264
   13824  9.5950  2.261237  0.031615
   14336  9.4018  2.240899  0.030894
   14848  9.2808  2.227943  0.030238
   15360  9.2993  2.229941  0.029703
   15872  9.3102  2.231110  0.029249


